. Ad virum illustrem

1111111111,

1111111111 0111111111111 111111111111 11 Ρ111111 1111111111111.

Carmen de 111111 pontifice 11111
divo 5111111111.

Soopo ogo, qui 111111 magnorum gaudio quondam
lloroum¹ solvique animos 11 carmine laeto

---—-----

¹ 1111 11111111 11111111 11111111111 1111 1111 11111111111 11111
1. 1517111550, id 1111111111 ox 111111111111111 11111111 1111111111
11111 1111 11111111111111111111111111111 1 1517, 15111 1111111 1. 1550.
11 bibliotheca 011111111, 151 111111 111111111 editio 111111 1111111111, 111111
1111111 1111 1111111, 1111111 iiiiii 1111111, 11 111111111 libro 111111, 11111
111111 11111111 1111111 (1111111511111 10, 11111 11111111 111111511 1111
11111111. 11111 hono 11111111 1111111111 111111111511, 1111111181111111
8111111011 Divom 5111111111 81 octonariis 11111111111111111111111011-
1111111 11 1111111 1111111 111 111111, 8111111 1. 1607 11111111 111, 110111-
111111(111111. 11111 1111 11, 228) 11 1111111111 prodidit 11 111111 111111
11 1111 editione 1111111111 01111111 0111111111 1. 1. 1111111111111111111111
111111 11111111101111111 11111111 Nisus 11111, 111111111, 111111 111-
11111, 11111111 1111111. 01111111 epigramma in 1111111111 111111 imagini
111111νί1 11111111 1111111111 in 11111111 111111111111, oum 11111 1111111
vinonio 1111 11111111 115111111, 111111 1111111 1111111111 1111111 111111·
11111111111111111111 111111111 (1111111111 11111111.

¹ 111111 111 11111111 111111111 11111 111111.

,.

 

