111888 1181111188 18881888 888881811188. 508

'''—=-=*⁴·... πῗ’”ηπππῌ“

quam 81888818881 1181818 881811881811 11, 8681 881881 logon 1111·
1181181188 888 observant: 11, 868 1111 881881 188188 1111811181 818·
1111111 νὶ118118811188 1181818 gentibus: 11, 8671 118 888181188 181818-
11818 (1118181111 11,86711188181888 18 8818818 1188181 11118 118818-
8888 1188181 118 818188188881188111181 11, 8781 11811818111881881
11, 8781 118 88181111 11188811888 18 88181 181 publicu 8811181 8811·
88818118 11, 871-877.

8881111811 maximi 1181811111 11888181 888. .

8818818111 (8811811) 1188181881 81818818888111 1,167,8181 8811111111,
818 811.

,8811188 7188881181, 1111188 811 regom Ρ8188188 88811811 11, 800-808. “

8881188181 Ι, 88, 881 17, 10.

8188188181 1181118111 18118188 1111881811 11, 888-886.

8188181181 Andron: 11, 818. 08818181181181.

manin: 1, 1, 10, 181, 181.

81818118181818 818181 18811 exagitantur: 11, 108-116.

1818188188 (8188111811) ,1111811811 11, 8111111 1, 180, 810.

Ρ18881881811188 Ρ81188, astrologus: 1, 168, 887.

’ 8181188 18888811 Ι, 801.

81818818νί81 7818118811, 8111881181 1111888118 Ι, 178, 888.

Ρ1881818181118118181,81111881188 1181111111881111 1, 88187168, 881.

818111888111 (1811881881, 1818181 88811111 8181118881181818188888118, quem
181888 8111 (11818181 118181, 11811811. 18111.) 8811188811] 8111181·
1881. Vide 8. 8118111118111118111811118118111.

8881888111 (8181888181) 1888888, 1188888881111181 1818881881 Ι, 68,
881 68, 8111 88, 781 101, 881 188, 801 178, 8111 11, 68, xxm
81-811 Andron: 178, 8811 81188 811881881111 181, 871.

81881188111 (818118νί881 1, 168, 881, 18118818111881188188181188111111881
(11, 818), 88811111 811818 8181181181 18 1. 811111 8111111

818188818818181181 188888881188111 111 1118 88811181 1, 81, 88811111.

888111, 18881 18 8111811111, 811188 in Ρ818818111 8888111818181181 boch:

1, 1818.

88811118 (11188881, 81881818881188111888881181 Ι, 168, 180.
18188811 Thomu: 1, 169, 888.
8881188881 traducuntur: 11, 160111.

118111ήί8881 1118 1188111111 Ι,88, 1811 1181111118118881181, (18111181 1118881181
11, 811 1111181888, dux 18 011188181818181811111111 1, 87, 807 111111
181, 8681 11, 88-811 8188 nuptiae: Ι, 78 811111 88881118188111181
0818811888 1188188888 etun 811118881181818818, 8888111811,
68, 171 8111888 881118818811, 8181 coniux: 11, 86-881 1118811181
0811118188188, 8188 1111811 11, 88 8111 1118818111, 1181 1811111881 118-
8181111 (118181), 1181 8. 1861 fidei 8811181888 18 8111118111 1, 188, 8811
11, 18)-1071 8181 11818118 811 11111111 1811811818 88188181811 11, 1081

 

