.....„. 11111 1111111 11111111 1111111111111. 498

*mm* ...u-...n—

0111111111 8111111111 1, 187, 788. 8181 8111111111.

01111111111811111, 81181111811111811111 11, 888.

0111111 V 1111111 1, 88, 118188, 1871 188, 851 1881881 111111 1. 1857
181111 11111111 1111111111 188, 8881 11, uoe-nm.

011111111 111111111 1181111 1111111111, 1118181111111181811111111111 1,
81 111188, 88.

0111111111 11111111, 118111111111111 1111111 1181 11111.

0111111111 1811 1 1111111 81111811111 1, 888 111.

conium 8111111111, 111111111 118111111111 1, 178188111, 188.

0111111111 1111111111 1, 181, 888.

81111111 11, 188 tq.

011811111111 1, 171, 887. . ’

08181111111 1111111111, 1111111111 11111111111 Ι, 81,1881 Hieronymus: 11,
111-1181 1111111, 1111111111 81111, 1111111111 8111111111, 111111-
11111 11111111, 1111111111111 11. 8111111 1111111111 11, 18, 17111
117-1881 011111111111,1111111 811111 11, 188 tq.

8118111 1, 181, 188.

8111111111 81 dono 811811111111, 8111111 naumburgensis: 11, 887.

011111111111111 1181 81111111111111

0111881111 1181 11111118

0181811111 1, 171, 898.

0118111 8111 11, 885 sqq.

011111111111, dux 11 011111, 111111111 1118111111 11, 70. ’

coriolos: 1, 188, 878. ·

consona prola: 1, 111, 111.

8111111 1, 171, 888. ’

0111111111 nandium: 1, 187, 785.

cracovia: 1,1, 881 1118111111 emicui· 8111111811 1, 81, 881 11111
808, 188 11111 1111111 11111111 1111111111 11 111811111 1111111111

· 1, 81, 887. 1

01111111111 1181 1111118111. ,

01111111 (11111111 1, 188, 8851 Albanus: 11, 181.

“ 011111111111 1181811111111111.

0111111111 1, 888 tq. “

(1111, 1111111 8111111111 11 1111111 111111 11818111 1, 18, w.

‚Cunctatore- 111811111111 ΙΙ, 188 sq.

011111 1111111111 1801881111. ⁴

0qu 18811 1111111111111111 11, 818.

01111111111 1181111111 1, 11, 8881 1181111, 111111111 1111111118111,
171, 880 1111111111, 1111181111 1111111111111 1, 181, 581.

8118111111, 11111811 111111111111, 188, 188. . Δ
11111111111111111,1 1118111111 (111111 11, 1851 mum: 11, 1881 1111111 (8111111
, .

 

