11111113 11011111οΙ numu! 111101181511171.

ιι -ο--ο-ι-ψ

...κω-..ι

186, 185, 887, 11, 808 55, 5. 1557 5511155555 5555115155, 1, 185,

887, 5155 5511555155 11, 816 tq.

855815555155, 0556155551 1 55555515 61155, archidux 15515155, 5555511551
5. 1558151551515151551555, 1, 66, 168-170.

055615556551155115555, 5556155115; 11, 815, 111.

11515155 Nicolaum 55555555 5555511555 Ρ5155155515ιε 11, 158 aq, 10551555
5155111155, 11, 158, 15.

11515155 (81551555 5511555555115 1. 81, 180, 1115551555, 55515115555 55555-
5155515τ 1, 808, 15, 806, 01, Pontus: 11, 151, 5155 61155 1115515155,
5551505555 515115155515ε 11, 155 sq, 1555555, mareschalcus regni
Polam: 11, 157 oq. '

Flauinia: 115555515155155τ 11, 67, 11, 8.

navium: 11, 888 tq.

Fridoricm'u 111, (155 113515555155 l, 88, 888.

1151551555 11, 897 55.

05111 1555155155 55515555 1151551551, 1, 81, 188 sq.

051115155; 1, 171, 685.

0555155155 Ρ51555, archiespiscopo· mnemia: 1, 81, 85 sqq, 18, 96,18,
186, egenos 51581555 55515551, 81, 10 sqq, 85555 rogim grau·
florebat: 85, 86 sqq, 5155 15555 defletur: pg. 88 sqq, 11, 88, do
5155 morto: 11, 10-18, 5155 nomm: ΙΙ, 88 tq.

0551155155, 55561555 51 astrologus: 1, 188, 767.

0556555585555551555,555511555; 1, 188, 760.

Garmias: 1. 186, 685.

anaunensium 155551155; 1, 888 555.,05515555515 nominis: 1, 878, Gedu-
55551555 largitio: 1, 885, 86, aedani 555115 555511, 1, 888 nq.

Goluinm 10551555, 5555155155 555555155ιὶ5 professor: 1, 170, 881.

Germania: 11, 811 sq, Germanorum oqui: 1, 878, Germanorum unletuu:
Ι, 888, 87 tqq. 05555551 modici: 5155 ’15515555 modici.

055555155 (155151,1555585)055555, 55555 511555515ῑ 1, 875, 5, 808, 81.

015155 (01550115551555 1, 801.

015555155Ρ55155ε 1, 178, 817, 11, 181.

015515155ῖ 1, 181, 816.

0115511 11158551, 11, 11, 111.

055555 5555 conditur: 1, 18, 81,11, 857.

0515155155 85555561555,115]11115 1115, 5515 155511155οτ ΙΙ, 881 55.

Gom· 8555515555, 11, 885-887.

0555511515 51515 0555515155.

05515(οο5555)15515555 (555555 (15 05555, 0555155555, 0555555151 1, 17,
11151, 8 sqq-3 81, 1oe sqq.

05555555 Lucu, 5515855515551515551ιι 1, 88, 106.

055551551555555155115 11, 188.

05551511 Lucu: 1, 187, 717, 11, 188.

05555155 ’1. 11,

 

